0 2918
0 12388
0 14295
0 14618
6148 2727
6 7075
12295 1630
12295 3615
12295 16517
8200 2255
8200 2516
8200 4527
8200 5238
8200 8316
8200 12789
8200 15757
8200 16092
8200 16286
8200 16880
8200 18143
8200 18614
8200 19503
18441 3515
18441 5359
18441 7075
18441 7671
18441 8801
18441 13853
10 3878
10 15581
6155 1633
6155 16517
18445 17714
2065 3997
2065 16517
12305 866
12305 2408
12305 2737
12305 3666
12305 6541
12305 6689
12305 12117
12305 14822
12305 16018
12305 17142
14356 77
14356 4479
14356 15581
16406 3714
4120 7075
4120 7671
4120 13853
4120 16517
2074 6508
2074 18481
10267 1808
26 3515
26 3997
26 15432
26 19586
8222 2918
4128 582
4128 4912
16416 9535
12322 15466
12323 10732
35 16344
8232 157
8232 1545
8232 2596
8232 3234
8232 3452
8232 3950
8232 6753
8232 8672
8232 10732
8232 11805
8232 12973
8232 14270
12328 18197
14380 2332
14380 6508
14380 8380
14380 9794
16431 2332
16431 6508
16431 12789
16431 13289
16431 18481
18481 542
18481 1157
18481 1347
18481 1425
18481 2332
18481 2492
18481 3581
18481 3881
18481 3932
18481 5101
18481 5341
18481 7661
18481 8245
18481 8700
18481 9500
18481 9912
18481 11766
18481 12789
18481 13044
18481 13271
18481 14236
18481 14313
18481 15927
18481 16092
18481 16491
18481 16832
2097 2727
2099 7311
4146 17760
8245 13289
8245 14313
10293 10773
10293 17714
6199 8357
6199 16509
4148 2408
4148 8467
4148 9906
4148 10747
4148 11418
4148 16344
18491 7075
10304 4479
2115 14295
67 130
67 4734
67 6281
67 6509
67 7671
67 10570
67 11569
67 12701
67 13173
67 14217
67 16517
67 16992
67 18114
67 19586
6213 3714
6213 3878
2117 16517
16454 7075
16454 15407
16454 15773
16454 16517
12357 756
12357 3515
12357 17677
12364 4912
77 391
77 1874
77 2288
77 3063
77 3878
77 4479
77 4722
77 7126
77 9064
77 9274
77 10589
77 10603
77 12233
77 14333
77 15915
77 16684
77 19444
77 19510
18508 6494
18508 9595
18508 13724
18508 14313
6228 1630
6228 15223
6228 16517
18517 17470
6230 3162
6230 5790
6230 12466
2138 1170
2138 3694
2138 3714
2138 4479
2138 9535
2139 8305
92 14618
92 16147
4190 7502
12388 3878
12388 4926
12388 5713
12388 7484
12388 7620
12388 8882
12388 8888
12388 9274
12388 10657
12388 10771
12388 10913
12388 12457
12388 12536
12388 12814
12388 13114
12388 13932
12388 14333
12388 16672
12388 18024
12388 19410
12388 19510
18532 2441
18532 3162
18532 9794
18532 18865
12389 7052
12389 7075
12389 13853
12389 15445
8294 8305
8294 15223
8294 15389
8294 16344
16491 4594
16492 2508
16492 10773
16492 17964
16493 16517
18541 9616
18541 16517
4207 3515
4207 9293
4207 17449
6251 297
6251 2332
6251 11513
6251 14587
6251 18698
8305 385
8305 2774
8305 3247
8305 3874
8305 5240
8305 5544
8305 7130
8305 7154
8305 7985
8305 9906
8305 10732
8305 11861
8305 14650
8305 15223
8305 17664
8305 18203
8307 15581
2168 15466
8316 447
8316 10949
8316 16092
8316 16286
8316 16880
10365 7671
10365 8093
10365 13173
10365 16517
10365 19586
16509 7075
16509 16517
6268 1572
6268 7502
2176 7075
2176 7671
2176 19586
128 5237
128 7126
128 8761
130 3515
130 4912
130 6509
130 7671
130 15432
130 19586
16517 195
16517 304
16517 447
16517 448
16517 511
16517 514
16517 599
16517 658
16517 718
16517 756
16517 866
16517 873
16517 1252
16517 1651
16517 1717
16517 1927
16517 2026
16517 2032
16517 2349
16517 2460
16517 2605
16517 2737
16517 3015
16517 3065
16517 3073
16517 3092
16517 3139
16517 3182
16517 3297
16517 3320
16517 3424
16517 3515
16517 3694
16517 3777
16517 3997
16517 4008
16517 4345
16517 4498
16517 4734
16517 4762
16517 4763
16517 4802
16517 4817
16517 4912
16517 4922
16517 5237
16517 5386
16517 5663
16517 5787
16517 5807
16517 5994
16517 6106
16517 6399
16517 6436
16517 6509
16517 6519
16517 6947
16517 7028
16517 7052
16517 7466
16517 7616
16517 7671
16517 7857
16517 7888
16517 8139
16517 8537
16517 8712
16517 8864
16517 8971
16517 9059
16517 9077
16517 9238
16517 9293
16517 9304
16517 9338
16517 9350
16517 9381
16517 9691
16517 9794
16517 9804
16517 10138
16517 10732
16517 10773
16517 10909
16517 11052
16517 11105
16517 11231
16517 11418
16517 11424
16517 11667
16517 11889
16517 12217
16517 12248
16517 12257
16517 12605
16517 12701
16517 12880
16517 12924
16517 12996
16517 13023
16517 13173
16517 13229
16517 13794
16517 14504
16517 14593
16517 14698
16517 14822
16517 14944
16517 15011
16517 15038
16517 15146
16517 15176
16517 15243
16517 15311
16517 15337
16517 15432
16517 15533
16517 15718
16517 16377
16517 16644
16517 16812
16517 16835
16517 17140
16517 17207
16517 17330
16517 17372
16517 17449
16517 17521
16517 17618
16517 17620
16517 17677
16517 17856
16517 17987
16517 18109
16517 18355
16517 18410
16517 18617
16517 18657
16517 18865
16517 19246
16517 19330
16517 19586
6281 7671
6281 12924
8330 7075
8330 14623
8330 15773
8330 17234
10377 7075
4236 19557
12429 10062
12429 16286
142 10588
142 10732
142 19250
4242 10026
4242 10732
146 7075
146 8801
2196 4817
2196 14663
18581 669
18581 7075
18581 7616
18581 15151
18581 15773
14488 3714
157 4802
157 12880
14494 16147
14493 1874
14493 4479
14493 7126
14496 9595
14496 18772
18597 14295
8357 4387
8357 6538
8357 12466
16549 1874
12457 8642
12457 14618
2218 7534
2218 11634
12459 16018
2222 7502
18608 17964
10417 17470
12466 846
12466 1040
12466 1656
12466 2247
12466 4007
12466 6473
12466 7075
12466 8866
12466 14618
12466 17470
12466 17760
18614 4527
18614 5717
18614 10425
18614 10644
18614 15176
18614 16092
18614 16286
18614 16344
18614 16880
18614 18197
4282 1252
4282 1874
4282 3714
4282 8537
4282 14300
12474 17714
10425 5717
10425 12659
8380 9595
8380 11766
6335 11979
6335 14295
18624 9535
18624 15046
16579 14295
195 4763
2243 10773
2243 17714
4294 9595
16586 846
16586 8475
16586 8724
16586 10675
16586 11196
16586 11674
2250 1808
6348 3714
16588 7075
16588 15773
18638 4912
2255 18143
6349 3581
6349 14313
10452 4912
4308 7126
16599 11979
6360 1874
222 6538
222 17714
8414 9595
18654 1045
18654 7075
18654 10737
18654 13190
18654 15773
4323 7075
4323 11161
6375 7075
8424 4912
236 7513
236 9535
8430 8457
8430 10062
8430 11890
8430 14295
6382 2508
6382 10773
2288 1170
2288 3714
2288 3878
10484 7311
10484 8457
10484 17760
8439 7502
12536 4817
12536 14663
14587 12789
14587 16250
14587 18698
14587 18772
14590 2727
14590 16250
12543 3581
14591 8457
14591 14295
255 14295
8446 2727
6399 5238
6399 7075
6399 16880
6399 17664
14592 16018
14593 11231
10502 4817
259 11890
16644 7075
16644 8093
8457 2951
8457 4489
8457 8656
8457 10062
8457 11890
8457 13377
8457 14170
8457 15829
8457 16322
8457 17251
8457 18166
8457 18197
8457 19545
18698 10773
18698 11766
18698 18772
8467 1439
8467 5359
8467 7075
18713 4765
18713 7623
14618 4882
14618 5535
14618 10732
14618 13565
14618 13894
14618 15065
2332 1455
2332 1584
2332 2492
2332 16832
2332 16894
2332 18339
16670 17714
10527 2508
8478 9535
16672 15781
16672 18856
4384 4479
4384 7126
4384 15581
10528 4479
10528 5237
10528 16886
14623 7075
14623 15773
6436 7979
293 7075
297 2727
297 6508
297 11766
2349 3139
304 6023
304 7126
304 14833
304 15397
304 15581
304 17048
304 18772
10545 9535
6450 582
6450 3714
6450 5238
6450 10727
6450 15120
6450 16344
6450 19503
18737 14663
310 18197
6456 17760
14650 11569
14650 15674
12605 3515
12605 7075
12605 8801
12605 10570
12605 15773
4414 10732
18750 4912
6470 1439
6470 7075
6470 15488
6470 16229
14663 3180
14663 8032
14663 8642
14663 10062
14663 12973
14663 14040
14663 19460
327 9535
6473 3919
18761 4479
2378 7311
6475 4922
6475 7075
16716 3714
10570 2026
10570 3515
10570 3997
10570 5386
10570 5994
10570 6509
10570 9742
10570 10857
10570 15432
10570 19586
336 1455
336 1584
336 2727
336 9386
4432 7075
14674 3918
14674 19571
18772 10773
2390 7075
2390 12635
2390 13853
12632 17714
8537 7075
12635 7075
12635 15773
10589 3878
6494 2652
6494 9595
10591 11634
10592 7502
10594 7075
12644 7502
10600 3714
10600 3878
10600 4479
10600 15389
10600 15581
2408 7075
2408 8801
8554 3714
8554 3878
6508 2492
6508 15228
6508 16832
6508 17647
6509 756
6509 3515
6509 4912
6509 5807
6509 6514
6509 10138
6509 11055
6509 11276
6509 12701
6509 12924
6509 14217
6509 15432
6509 15516
6509 17677
6509 19586
14698 7075
8557 2727
8557 3581
8557 17647
12654 7623
12654 12151
16751 7075
16751 7778
6514 3515
6514 4762
6514 7028
6514 12151
6514 12880
6514 15432
6514 19586
12659 4817
12659 11326
12659 11513
12659 19557
372 1808
14704 756
14704 3515
14704 13229
14704 17449
14704 17677
12664 3581
4473 9535
4474 17714
4479 391
4479 1499
4479 3714
4479 3878
4479 4722
4479 6023
4479 7126
4479 8761
4479 9100
4479 9992
4479 11041
4479 11668
4479 12071
4479 12175
4479 12233
4479 15259
4479 15915
4479 17424
10624 3878
8577 2918
6530 7126
391 10773
391 15581
391 17964
4489 14170
6538 623
2441 4527
2441 16880
6541 7075
6541 17470
6541 17576
12686 1874
6543 2918
14737 9535
4498 514
4498 5408
4498 7671
4498 7729
4498 8093
4498 11276
4498 13229
4498 15182
10644 19557
18836 1874
18836 3640
2460 7075
12701 511
12701 756
12701 4912
12701 7028
12701 7466
12701 7671
12701 7979
12701 8971
12701 9238
12701 11569
12701 13173
12701 14217
12701 15432
12701 17677
12701 17856
12701 19586
14750 2918
14750 10062
10655 3515
18856 15781
18856 16290
18856 17343
18856 19531
10664 17470
16810 3581
16812 7075
4527 6019
4527 10727
4527 16880
4527 18143
18865 9794
8629 582
8629 1104
8629 9117
8629 11411
8629 12215
4534 15466
8635 7075
2492 3919
447 10949
16832 2727
16832 3581
16832 9759
16832 9794
16832 13289
16832 16250
16832 17647
4545 15466
8642 3178
8642 4007
8642 4882
8642 6758
8642 8032
8642 8866
8642 9274
8642 10162
8642 12973
8642 19620
448 7671
18881 1874
18881 15223
455 7075
2508 4837
2508 4948
2508 6614
2508 6831
2508 8164
2508 9739
2508 11487
2508 13235
2508 14170
2508 14967
2508 19016
4556 7126
12750 7311
4559 4007
8656 10062
2516 4594
6614 10773
2519 7075
10723 3714
14822 7075
10727 582
10727 4912
10727 5238
10727 15120
10732 846
10732 2000
10732 3748
10732 3874
10732 7671
10732 8867
10732 9794
10732 10089
10732 12789
10732 13319
10732 13467
10732 15466
10732 15634
2543 15466
16880 1799
16880 4594
16880 5062
16880 6019
16880 9386
16880 12789
16880 15120
16880 16092
16880 16286
14833 10773
14833 17964
10737 1045
10737 7075
4595 4912
500 7075
12789 2697
12789 2727
12789 9595
12789 11766
12789 11826
12789 14295
12789 16344
12789 17668
16886 1761
16886 3063
16886 9274
16886 12233
16886 15397
16886 16002
16886 16294
16886 17774
16886 18980
4594 10949
4594 15141
4594 16092
4594 19503
10747 7075
8700 14313
10748 17714
16894 3581
16894 3878
16894 7387
12798 2000
12798 7075
12798 15773
511 7671
511 9238
511 11055
511 13173
511 19586
514 5408
514 7729
514 8971
514 10138
514 11569
514 12102
514 12924
514 13229
514 14217
514 15337
514 18114
8707 7623
8712 14217
10761 7623
10766 15466
10773 2596
10773 5412
10773 7790
10773 8164
10773 10968
10773 13235
10773 14236
10773 18065
12821 10062
12821 19541
12824 3581
16924 7126
4640 688
4640 3022
4640 7174
4640 19578
6689 1874
6689 7671
6689 9150
6689 13618
6689 15466
6689 17142
18980 3581
18980 19716
2605 7075
2605 13984
6702 7075
8751 16344
12852 9117
12852 14295
8761 15581
12867 7075
12867 7729
12867 17521
12867 19330
582 16092
10823 669
10823 7075
16970 17964
14923 7075
8782 7075
12880 4762
14932 5412
14932 7671
14932 10968
2646 3918
2646 5176
2646 19571
599 9616
2652 9595
606 7502
14944 11052
16992 7671
19040 1007
19040 10089
10852 3878
10852 9759
8801 1166
8801 1170
8801 1633
8801 2737
8801 3031
8801 3073
8801 3320
8801 3666
8801 3694
8801 3931
8801 3997
8801 5413
8801 5663
8801 7075
8801 7888
8801 9234
8801 9350
8801 9381
8801 11276
8801 11282
8801 11424
8801 11490
8801 11667
8801 13559
8801 13618
8801 15311
8801 15407
8801 15533
8801 15773
8801 16377
8801 17142
8801 17521
8801 19250
6758 4009
6758 4764
6758 4882
6758 11979
6758 13315
6758 14170
6758 15256
14948 3581
17000 3918
17000 4912
10857 7671
619 7075
619 13853
619 15661
623 17714
4722 1572
4722 3581
4722 3714
4722 3878
4722 7126
4722 15581
4722 17464
635 7075
12924 5408
12924 7075
12924 10138
17021 7075
17021 13853
17021 15773
17021 17856
4734 11569
4734 12102
4734 13173
4734 14217
4734 18114
8830 7075
8830 9616
6789 11161
6789 11282
6789 15466
19078 7075
19078 15773
19078 17470
4744 15466
2697 688
2697 3022
2697 9757
2697 12151
8841 17760
4748 7311
4748 14295
8848 7075
8848 7671
8848 15011
8848 19586
658 5396
658 16351
8852 15466
17048 14313
17048 17964
17050 3878
15002 15466
4763 3515
4763 7671
4763 12102
4763 17677
4763 17856
10909 3515
10909 7075
4765 17668
10913 3714
10913 3878
10913 11890
8867 7075
8867 7094
8867 9053
8867 11276
8867 15206
8867 16147
8867 17336
8867 17401
8864 15011
4769 1561
4769 9794
15011 12217
2727 1646
2727 3223
2727 3581
2727 5200
2727 5341
2727 7238
2727 7661
2727 8183
2727 11079
2727 12961
2727 13625
2727 15678
2727 16126
2727 17647
2727 18065
2727 19716
4776 7623
688 3022
688 4978
688 9104
688 19578
2737 7075
2737 7671
2737 7778
2737 13173
2737 15773
8882 4817
8888 3581
15038 3065
15038 7075
703 785
703 1439
703 7075
703 8929
703 9059
703 9643
703 13190
703 13853
703 15773
703 19613
4802 7979
4802 11411
10949 5062
10949 11826
10949 16092
10949 18143
10949 19503
15046 15915
4810 7075
718 10138
718 11569
718 12102
718 14217
10958 4914
10958 7075
10958 13682
10958 17234
4817 1674
4817 1808
4817 2918
4817 3515
4817 5287
4817 14040
4817 15674
4817 15993
4817 16018
4817 19460
10962 9535
19153 7502
19156 4912
6869 7126
6869 15581
10968 7126
10973 7075
10973 7671
13023 13229
13023 19586
13025 17714
8929 7075
8929 13853
739 7075
739 15773
745 7671
2796 5544
2796 17470
753 17714
13044 14313
756 3515
756 15432
756 19586
17140 7075
17140 13853
10997 7075
17142 7075
13057 7502
17155 7502
8971 12102
4876 3640
4876 9535
15120 12235
785 7075
785 9810
4882 3878
4882 19557
2839 15581
11040 9794
800 15581
11041 15581
19235 7028
19235 19557
6947 7075
15141 18197
11046 2918
17190 7671
17190 19586
15146 11276
15146 15718
6956 1808
2862 2918
19246 3950
19246 19557
4912 1812
4912 3178
4912 3243
4912 3515
4912 9352
4912 9810
4912 11152
4912 15432
4912 16286
4912 18057
4911 1874
15151 7075
19250 7778
19250 11282
13107 7502
4914 7075
4914 15773
11055 3515
11055 8139
11055 9338
17207 7075
17207 7729
11065 2918
11065 9535
13114 3878
4926 3714
4926 3878
4926 7126
833 1874
13124 1539
13125 3714
15176 7075
15176 15407
15176 16351
15176 19383
846 7502
846 14295
846 17760
13134 7075
15182 3515
15182 5855
15182 15718
17234 1166
17234 7075
17234 11637
17234 15773
17234 17576
11095 18197
15195 16344
9053 7094
9053 13853
9053 15773
15198 9535
11105 3065
11105 7075
866 7075
866 15773
17251 7174
17251 10062
17251 14295
17251 18197
9059 13853
7013 7075
7013 11161
2918 2922
2918 3178
2918 3460
2918 5431
2918 9274
2918 11812
2918 14040
2918 14078
2918 14170
2918 15299
2918 18175
2918 19460
15206 1545
19301 7028
19301 7623
15211 7075
15215 3714
4978 12151
7028 3804
7028 11276
7028 15773
9077 7075
13173 3247
13173 7075
13173 7671
13173 11569
13173 14217
13173 17677
13173 18114
13173 19586
15223 7075
15223 14217
15228 9794
19330 7671
17282 17714
13190 3092
13190 7075
2951 10062
7052 3424
7052 7075
17291 17760
17291 19578
9104 7623
9104 12151
11160 7075
11161 7075
15259 7126
15259 15581
9117 1104
9117 9268
9117 14295
19359 16147
15265 10062
15265 14170
7075 669
7075 937
7075 1045
7075 1166
7075 1207
7075 1633
7075 1651
7075 1836
7075 1874
7075 2032
7075 3015
7075 3092
7075 3139
7075 3182
7075 3297
7075 3320
7075 3714
7075 3777
7075 3878
7075 3901
7075 3931
7075 3997
7075 4008
7075 5107
7075 5413
7075 5484
7075 5574
7075 5663
7075 5855
7075 5994
7075 7301
7075 7667
7075 7671
7075 7888
7075 8101
7075 8139
7075 9234
7075 9304
7075 9338
7075 9381
7075 9704
7075 9713
7075 9720
7075 9742
7075 9773
7075 9804
7075 10189
7075 11282
7075 11412
7075 11424
7075 11490
7075 11637
7075 11667
7075 12043
7075 12117
7075 12160
7075 12257
7075 13245
7075 13559
7075 13618
7075 13682
7075 13853
7075 15311
7075 15319
7075 15337
7075 15407
7075 15488
7075 15533
7075 16229
7075 16377
7075 16383
7075 17330
7075 17461
7075 17591
7075 17664
7075 17973
7075 18109
7075 18118
7075 19393
7075 19454
7075 19613
5030 17714
19370 11634
2985 7126
11181 7174
13229 5408
13229 8139
13229 12102
13229 13245
17325 16344
17329 11634
17330 15773
7094 7616
9142 11979
17337 3694
17337 3918
19383 7623
11196 17760
11196 18197
9150 15466
17343 15781
17348 11979
9161 14295
19401 11634
3022 16351
3022 19578
15311 7671
15311 13853
19410 3714
19410 3878
19410 18197
7126 1499
7126 3063
7126 4007
7126 5101
7126 5478
7126 7431
7126 9274
7126 12047
7126 12071
7126 12233
7126 15581
7126 15716
7126 16359
7126 17632
3031 3515
17372 12102
11231 5408
19425 3556
19425 9535
13289 1157
13289 1425
13289 1646
13289 11766
13289 14236
13289 17647
15337 5408
15337 7671
15337 11276
11243 7623
11243 12151
7147 9595
5101 3581
5102 9535
1007 10089
5107 13853
1011 3581
3063 3714
3063 3878
17401 3515
17402 17714
1022 15407
1022 15773
1022 17470
19454 7778
7173 11890
7174 9910
7174 11836
7174 16351
17411 11634
17416 17760
11276 1344
11276 3515
11276 5413
11276 19586
9234 15773
9234 17470
11282 7778
3092 1439
3092 7671
1045 1717
1045 11487
7198 17714
15397 19716
19495 5994
19495 7671
15407 1166
15407 15773
15407 17470
15407 17576
19504 1874
17458 1170
17458 9535
17461 9742
19510 3878
17464 3556
17464 11634
17464 15716
5176 19571
9274 3714
17470 4002
17470 9334
17470 9713
17470 13682
17470 15773
17470 16253
17470 17576
9278 15466
9278 17644
13377 10062
13377 17760
3139 17521
11336 3714
15432 7671
15432 19586
9293 5412
3150 11979
1104 3154
5200 19578
3154 12215
19541 15466
15445 7671
3162 3918
3162 5790
3162 15634
19552 13533
19552 17714
17507 15466
19557 9334
19557 9838
19557 9958
19557 12093
19557 12269
19557 15773
19557 15829
15461 11979
15466 3810
15466 5952
15466 7534
15466 7778
15466 11605
15466 11611
15466 11834
15466 15825
15466 17641
15466 17644
15466 17664
15466 18244
15466 19624
13425 7623
13425 12151
13425 14295
3185 3714
3185 3878
3185 14313
19571 3918
19571 5717
19571 8004
19571 9459
19571 13565
17521 7888
9334 10026
19578 17760
15488 5359
19586 1166
19586 1717
19586 1874
19586 3515
19586 3714
19586 5413
19586 5663
19586 7671
19586 17677
1157 17647
9350 9616
9352 18197
9357 17964
1166 15773
7311 11617
7311 11841
7311 13881
1170 5418
1170 5595
1170 7778
11412 7778
15516 3515
19613 13853
11424 3901
11424 5359
11424 13853
9381 13853
17576 7616
17576 15773
17576 16253
3241 10062
3243 3918
13483 9535
15533 7671
15533 15773
9386 1799
9386 3932
9386 16092
3247 7671
13484 11766
13492 16147
1207 15773
7361 1808
19660 17760
5335 18197
15581 3878
15581 6023
15581 12071
15581 12233
15581 15915
15581 15996
15581 16252
13533 9535
9441 1539
3297 1651
11490 15773
1252 10062
1252 15674
17647 1646
17647 11766
5359 3810
5359 3918
5359 10026
5359 12160
9466 16344
15611 3714
13565 3918
17664 3874
17664 11861
17664 16092
17668 14300
17668 15859
19716 12233
19716 15915
13575 9794
17677 7671
17677 12102
17677 14217
9487 7502
17682 7623
17682 12151
5396 12151
5408 3515
5408 15718
5412 17714
7466 7729
5418 3640
5418 11634
1325 3714
1325 3878
15661 7671
15661 11861
15664 11634
11569 7671
17714 1533
17714 1820
17714 4017
17714 5463
17714 7790
17714 9597
17714 9878
17714 11879
17714 13931
17714 14017
17714 14078
17714 17749
13618 7671
5427 16344
17719 11979
7484 3714
9535 1840
9535 3556
9535 3640
9535 3929
9535 5595
9535 10015
9535 11619
9535 13984
9535 15951
9535 17875
1344 7671
7502 3457
7502 3833
7502 5667
7502 5945
7502 7513
7502 10097
7502 12009
7513 10015
11611 7671
17760 11890
3424 7671
15718 1439
15718 7729
11634 3703
11634 5762
11634 5816
11634 8066
11634 13980
11634 18175
13682 15773
11637 7778
9591 7623
9591 12151
9594 7623
9595 1890
9595 11766
15750 1539
3465 1874
3465 3714
15757 16092
9616 7671
13724 7702
13724 14170
15773 3931
15773 7667
15773 9704
15773 9713
15773 9720
15773 12117
15773 16229
1439 7616
1439 7671
1439 10189
7583 5790
7583 16147
15781 7973
15781 16290
9643 7671
9643 13853
1455 1799
1455 7623
17841 3581
15794 7623
15794 12151
3515 3878
3515 3997
3515 7729
3515 12102
7616 3804
7623 1584
7623 7770
7623 12151
7623 14224
7623 16102
7623 16351
13794 7729
7661 3581
7661 14313
7661 17964
9713 13853
15859 14300
11766 9794
11766 14313
7671 3666
7671 3694
7671 3804
7671 3997
7671 5994
7671 7928
7671 8093
7671 11861
7671 11891
7671 12102
7671 14217
7671 18109
7671 18114
7671 18410
1528 1539
3581 11810
3581 14236
3581 15877
3581 18065
3581 18166
1539 7770
1539 12269
1539 13932
1539 14170
17937 3878
1556 16344
1561 9794
1561 14313
7707 14295
9759 12235
3615 3714
3615 16250
5663 13853
15903 1874
13853 3901
13853 5952
13853 16383
15915 3878
15915 17964
17964 3878
1584 3932
15927 1799
3640 9987
11836 16351
9794 1646
9794 1667
9794 1801
9794 12051
15951 10018
5713 10062
9810 18197
7770 12151
1630 3714
1633 5855
1633 7778
7778 3901
11890 10062
18042 10062
15995 1874
15996 14313
3714 1874
3714 3878
3714 12233
3714 18339
1667 12235
5825 18197
11979 14082
11979 14170
11979 16352
11983 3878
11983 14313
16092 1799
16092 3932
16092 16344
3804 14082
3804 16286
16102 12151
9987 1874
16147 7979
16147 16370
3874 10018
3878 1874
3878 12233
10062 14170
12151 14224
12151 16351
14224 14295
1967 16344
12235 2000
